Experiment Result Digits
------ train ------
              precision    recall  f1-score   support

           0     1.0000    1.0000    1.0000       142
           1     0.9931    0.9862    0.9896       145
           2     1.0000    1.0000    1.0000       142
           3     1.0000    1.0000    1.0000       146
           4     1.0000    1.0000    1.0000       145
           5     1.0000    1.0000    1.0000       146
           6     1.0000    1.0000    1.0000       145
           7     1.0000    1.0000    1.0000       143
           8     0.9787    0.9928    0.9857       139
           9     1.0000    0.9931    0.9965       144

    accuracy                         0.9972      1437
   macro avg     0.9972    0.9972    0.9972      1437
weighted avg     0.9972    0.9972    0.9972      1437
AUC	0.999995090272833
------ test ------
              precision    recall  f1-score   support

           0     0.9722    0.9722    0.9722        36
           1     0.9250    1.0000    0.9610        37
           2     0.9722    1.0000    0.9859        35
           3     1.0000    0.8919    0.9429        37
           4     1.0000    0.9444    0.9714        36
           5     0.9714    0.9444    0.9577        36
           6     0.9714    0.9444    0.9577        36
           7     0.9459    0.9722    0.9589        36
           8     0.9444    0.9714    0.9577        35
           9     0.9211    0.9722    0.9459        36

    accuracy                         0.9611       360
   macro avg     0.9624    0.9613    0.9612       360
weighted avg     0.9624    0.9611    0.9610       360
AUC	0.9986034620555604
{'binary': False,
 'drop_out_p': 0.3,
 'in_features': 64,
 'out_features': 10,
 'rules': 2}
{'alpha': 1.0,
 'batch_size': 32,
 'epochs': 100,
 'lr': 0.005,
 'max_lr': 0.01,
 'min_alpha': 0.0,
 'random_state': 199,
 'train_size': 1437}