Experiment Result Digits
------ train ------
              precision    recall  f1-score   support

           0     1.0000    1.0000    1.0000       142
           1     0.9864    1.0000    0.9932       145
           2     1.0000    1.0000    1.0000       142
           3     1.0000    1.0000    1.0000       146
           4     1.0000    1.0000    1.0000       145
           5     1.0000    1.0000    1.0000       146
           6     1.0000    1.0000    1.0000       145
           7     1.0000    1.0000    1.0000       143
           8     0.9928    0.9856    0.9892       139
           9     1.0000    0.9931    0.9965       144

    accuracy                         0.9979      1437
   macro avg     0.9979    0.9979    0.9979      1437
weighted avg     0.9979    0.9979    0.9979      1437
AUC	0.9999728149216432
------ test ------
              precision    recall  f1-score   support

           0     0.9730    1.0000    0.9863        36
           1     0.9250    1.0000    0.9610        37
           2     0.9722    1.0000    0.9859        35
           3     1.0000    0.9189    0.9577        37
           4     1.0000    0.9167    0.9565        36
           5     0.9714    0.9444    0.9577        36
           6     0.9714    0.9444    0.9577        36
           7     0.9211    0.9722    0.9459        36
           8     0.9714    0.9714    0.9714        35
           9     0.9459    0.9722    0.9589        36

    accuracy                         0.9639       360
   macro avg     0.9651    0.9640    0.9639       360
weighted avg     0.9651    0.9639    0.9638       360
AUC	0.9981486368396242
{'binary': False,
 'drop_out_p': 0.3,
 'in_features': 64,
 'out_features': 10,
 'rules': 2}
{'alpha': 1.0,
 'batch_size': 32,
 'epochs': 100,
 'lr': 0.005,
 'max_lr': 0.01,
 'min_alpha': 0.0,
 'random_state': 199,
 'train_size': 1437}