Experiment Result MFeat
------ train ------
              precision    recall  f1-score   support

           0     1.0000    1.0000    1.0000       160
           1     0.9936    0.9750    0.9842       160
           2     1.0000    1.0000    1.0000       160
           3     0.9938    1.0000    0.9969       160
           4     0.9938    1.0000    0.9969       160
           5     1.0000    0.9938    0.9969       160
           6     1.0000    0.9938    0.9969       160
           7     1.0000    1.0000    1.0000       160
           8     1.0000    1.0000    1.0000       160
           9     0.9755    0.9938    0.9845       160

    accuracy                         0.9956      1600
   macro avg     0.9957    0.9956    0.9956      1600
weighted avg     0.9957    0.9956    0.9956      1600
AUC	0.9999861111111112
------ test ------
              precision    recall  f1-score   support

           0     0.9756    1.0000    0.9877        40
           1     1.0000    0.9500    0.9744        40
           2     1.0000    0.9750    0.9873        40
           3     0.9750    0.9750    0.9750        40
           4     0.9756    1.0000    0.9877        40
           5     0.9512    0.9750    0.9630        40
           6     0.9756    1.0000    0.9877        40
           7     1.0000    0.9750    0.9873        40
           8     1.0000    0.9500    0.9744        40
           9     0.9286    0.9750    0.9512        40

    accuracy                         0.9775       400
   macro avg     0.9782    0.9775    0.9776       400
weighted avg     0.9782    0.9775    0.9776       400
AUC	0.9989374999999999
{'binary': False,
 'drop_out_p': 0.3,
 'in_features': 649,
 'out_features': 10,
 'rules': 2}
{'alpha': 1.0,
 'batch_size': 32,
 'epochs': 100,
 'lr': 0.005,
 'max_lr': 0.01,
 'min_alpha': 0.0,
 'random_state': 199,
 'train_size': 1600}