Experiment Result MFeat
------ train ------
              precision    recall  f1-score   support

           0     0.4748    1.0000    0.6439       160
           1     0.8140    0.8750    0.8434       160
           2     0.8841    0.9062    0.8951       160
           3     0.7838    0.9062    0.8406       160
           4     0.9490    0.5813    0.7209       160
           5     0.9771    0.8000    0.8797       160
           6     0.9152    0.9437    0.9292       160
           7     0.9634    0.4938    0.6529       160
           8     1.0000    0.9187    0.9577       160
           9     1.0000    0.7438    0.8530       160

    accuracy                         0.8169      1600
   macro avg     0.8761    0.8169    0.8216      1600
weighted avg     0.8761    0.8169    0.8216      1600
AUC	0.8909127604166667
------ test ------
              precision    recall  f1-score   support

           0     0.4211    1.0000    0.5926        40
           1     0.7447    0.8750    0.8046        40
           2     0.9474    0.9000    0.9231        40
           3     0.7955    0.8750    0.8333        40
           4     1.0000    0.5500    0.7097        40
           5     1.0000    0.7750    0.8732        40
           6     0.9250    0.9250    0.9250        40
           7     0.9583    0.5750    0.7188        40
           8     1.0000    0.7500    0.8571        40
           9     1.0000    0.7250    0.8406        40

    accuracy                         0.7950       400
   macro avg     0.8792    0.7950    0.8078       400
weighted avg     0.8792    0.7950    0.8078       400
AUC	0.8833298611111111
{'binary': False,
 'drop_out_p': 0.3,
 'in_features': 649,
 'out_features': 10,
 'rules': 2}
{'alpha': 1.0,
 'batch_size': 32,
 'epochs': 100,
 'lr': 0.005,
 'max_lr': 0.01,
 'min_alpha': 0.0,
 'random_state': 199,
 'train_size': 1600}