Experiment Result Isolet
------ train ------
              precision    recall  f1-score   support

           0     0.9952    0.9857    0.9904       210
           1     1.0000    0.4095    0.5811       210
           2     0.9905    0.9952    0.9929       210
           3     0.9712    0.9619    0.9665       210
           4     0.9193    0.9762    0.9469       210
           5     1.0000    0.9519    0.9754       208
           6     0.9952    0.9905    0.9928       210
           7     1.0000    0.9952    0.9976       210
           8     1.0000    1.0000    1.0000       210
           9     1.0000    1.0000    1.0000       210
          10     1.0000    0.9714    0.9855       210
          11     0.9953    1.0000    0.9976       210
          12     1.0000    0.8421    0.9143       209
          13     0.8745    0.9952    0.9310       210
          14     1.0000    1.0000    1.0000       210
          15     0.8313    0.9857    0.9020       210
          16     1.0000    1.0000    1.0000       210
          17     0.9906    1.0000    0.9953       210
          18     0.9677    1.0000    0.9836       210
          19     0.9673    0.9857    0.9764       210
          20     0.9952    0.9952    0.9952       210
          21     0.7216    1.0000    0.8383       210
          22     0.9813    1.0000    0.9906       210
          23     1.0000    1.0000    1.0000       210
          24     1.0000    1.0000    1.0000       210
          25     0.9856    0.9762    0.9809       210

    accuracy                         0.9623      5457
   macro avg     0.9685    0.9622    0.9590      5457
weighted avg     0.9685    0.9623    0.9590      5457
AUC	0.9779723333880926
------ test ------
              precision    recall  f1-score   support

           0     0.9884    0.9444    0.9659        90
           1     1.0000    0.4111    0.5827        90
           2     0.9783    1.0000    0.9890        90
           3     0.9195    0.8889    0.9040        90
           4     0.7768    0.9667    0.8614        90
           5     0.9518    0.8778    0.9133        90
           6     0.9753    0.8778    0.9240        90
           7     1.0000    0.9889    0.9944        90
           8     1.0000    0.9222    0.9595        90
           9     1.0000    0.9778    0.9888        90
          10     0.9773    0.9556    0.9663        90
          11     0.9783    1.0000    0.9890        90
          12     0.9697    0.7111    0.8205        90
          13     0.8148    0.9778    0.8889        90
          14     0.9890    1.0000    0.9945        90
          15     0.7900    0.8778    0.8316        90
          16     0.9888    0.9778    0.9832        90
          17     0.8990    0.9889    0.9418        90
          18     0.9158    0.9667    0.9405        90
          19     0.8750    0.9333    0.9032        90
          20     0.9778    0.9778    0.9778        90
          21     0.7008    0.9889    0.8203        90
          22     0.9175    0.9889    0.9519        90
          23     0.9565    0.9778    0.9670        90
          24     1.0000    0.9889    0.9944        90
          25     0.9759    0.9000    0.9364        90

    accuracy                         0.9256      2340
   macro avg     0.9352    0.9256    0.9227      2340
weighted avg     0.9352    0.9256    0.9227      2340
AUC	0.9727202279202279
{'binary': False,
 'drop_out_p': 0.3,
 'in_features': 617,
 'out_features': 26,
 'rules': 2}
{'alpha': 1.0,
 'batch_size': 32,
 'epochs': 100,
 'lr': 0.005,
 'max_lr': 0.01,
 'min_alpha': 0.0,
 'random_state': 199,
 'train_size': 5457}