Experiment Result ORL
------ train ------
              precision    recall  f1-score   support

           0     1.0000    1.0000    1.0000         7
           1     1.0000    1.0000    1.0000         7
           2     1.0000    1.0000    1.0000         7
           3     1.0000    0.8571    0.9231         7
           4     1.0000    1.0000    1.0000         7
           5     0.8333    0.7143    0.7692         7
           6     1.0000    0.8571    0.9231         7
           7     1.0000    0.5714    0.7273         7
           8     1.0000    1.0000    1.0000         7
           9     1.0000    1.0000    1.0000         7
          10     0.8750    1.0000    0.9333         7
          11     1.0000    1.0000    1.0000         7
          12     0.8571    0.8571    0.8571         7
          13     0.8750    1.0000    0.9333         7
          14     0.8750    1.0000    0.9333         7
          15     0.8750    1.0000    0.9333         7
          16     1.0000    1.0000    1.0000         7
          17     0.8571    0.8571    0.8571         7
          18     0.4375    1.0000    0.6087         7
          19     0.8750    1.0000    0.9333         7
          20     1.0000    1.0000    1.0000         7
          21     1.0000    1.0000    1.0000         7
          22     1.0000    1.0000    1.0000         7
          23     0.7778    1.0000    0.8750         7
          24     1.0000    0.7143    0.8333         7
          25     1.0000    1.0000    1.0000         7
          26     1.0000    0.8571    0.9231         7
          27     1.0000    0.8571    0.9231         7
          28     1.0000    0.7143    0.8333         7
          29     1.0000    1.0000    1.0000         7
          30     1.0000    1.0000    1.0000         7
          31     0.8750    1.0000    0.9333         7
          32     1.0000    1.0000    1.0000         7
          33     1.0000    1.0000    1.0000         7
          34     1.0000    1.0000    1.0000         7
          35     0.6000    0.4286    0.5000         7
          36     1.0000    0.5714    0.7273         7
          37     1.0000    1.0000    1.0000         7
          38     1.0000    1.0000    1.0000         7
          39     1.0000    1.0000    1.0000         7

    accuracy                         0.9214       280
   macro avg     0.9403    0.9214    0.9220       280
weighted avg     0.9403    0.9214    0.9220       280
AUC	0.9993393511250656
------ test ------
              precision    recall  f1-score   support

           0     0.7500    1.0000    0.8571         3
           1     1.0000    0.3333    0.5000         3
           2     1.0000    0.3333    0.5000         3
           3     1.0000    0.6667    0.8000         3
           4     1.0000    0.3333    0.5000         3
           5     1.0000    0.6667    0.8000         3
           6     1.0000    0.3333    0.5000         3
           7     1.0000    0.3333    0.5000         3
           8     1.0000    1.0000    1.0000         3
           9     0.6667    0.6667    0.6667         3
          10     1.0000    1.0000    1.0000         3
          11     0.6000    1.0000    0.7500         3
          12     0.3333    0.6667    0.4444         3
          13     0.6000    1.0000    0.7500         3
          14     1.0000    1.0000    1.0000         3
          15     0.6667    0.6667    0.6667         3
          16     1.0000    1.0000    1.0000         3
          17     1.0000    1.0000    1.0000         3
          18     0.3333    1.0000    0.5000         3
          19     1.0000    1.0000    1.0000         3
          20     1.0000    1.0000    1.0000         3
          21     0.7500    1.0000    0.8571         3
          22     1.0000    0.6667    0.8000         3
          23     0.7500    1.0000    0.8571         3
          24     0.5000    0.3333    0.4000         3
          25     1.0000    0.6667    0.8000         3
          26     0.7500    1.0000    0.8571         3
          27     1.0000    1.0000    1.0000         3
          28     1.0000    0.3333    0.5000         3
          29     1.0000    0.6667    0.8000         3
          30     1.0000    1.0000    1.0000         3
          31     0.5000    1.0000    0.6667         3
          32     1.0000    1.0000    1.0000         3
          33     1.0000    1.0000    1.0000         3
          34     1.0000    1.0000    1.0000         3
          35     0.2500    0.3333    0.2857         3
          36     1.0000    0.6667    0.8000         3
          37     1.0000    1.0000    1.0000         3
          38     1.0000    1.0000    1.0000         3
          39     1.0000    0.3333    0.5000         3

    accuracy                         0.7750       120
   macro avg     0.8613    0.7750    0.7715       120
weighted avg     0.8612    0.7750    0.7715       120
AUC	0.9947293447293447
{'binary': False,
 'drop_out_p': 0.3,
 'in_features': 4096,
 'out_features': 40,
 'rules': 2}
{'alpha': 1.0,
 'batch_size': 32,
 'epochs': 100,
 'lr': 0.005,
 'max_lr': 0.01,
 'min_alpha': 0.0,
 'random_state': 199,
 'train_size': 280}